0.0004109500517657234
0.00041212990404926883
0.00041514828660619814
0.0004183113280434177
0.00041212990404926883
0.00040760143408628347
0.00041896602927712
0.00041744376953773343
0.00041160826153657966
0.0004187691751666102
0.00041876811505782083
0.0004189663134942139
0.00040760039787812686
0.00041514800464650817
0.0004174435356141988
0.00041076125019875055
0.0004155607282411754
0.00041514800464650817
0.00042230729013681455
0.0004223236658920846
0.00042230581554273793
0.0004174436525759659
0.0004189663134942139
0.0004121290853168983
0.00040760039787812686
0.0004107621028500326
0.00041213025493457055
0.0004155602463735476
0.0004183113581601519
0.0004155607282411754
0.0004155609449202637
0.0004155607282411754
0.00041514828660619814
0.000410761676524392
0.00041744376953773343
0.0004183113280434177
0.00041514777639341596
0.000412130137972803
0.00041095005176572386
0.0004107621028500326
0.00041213025493457055
0.0004155602463735476
0.0004076014340862839
0.00041213002101103593
0.00041744388649950096
0.0004189665029722769
0.00041212990404926883
0.00041095005176572386
0.00041831165932742706
0.00041514828660619814
0.0004187691751666124
0.00041160729780131576
0.0004116072978013162
0.0004183113280434177
0.0004109500517657234
0.00041744482219363815
0.00041514800464650817
0.0004155607282411754
0.0004107604922864998
0.00041744376953773256
0.0004155607282411754
0.0004183113581601519
0.0004155609449202637
0.00041514777639341596
0.0004183113280434177
0.00041212990404926883
0.0004109500517657234
0.0004155607282411754
0.00041213095670517355
0.0004107604922864989
0.00042232405394315676
0.00042230600956827445
0.0004223062035938101
0.00041076039754746807
0.00041744417890391934
0.000415560776427936
0.0004151480852064176
0.00041896598190760415
0.0004174448221936386
0.00041212990404926883
0.00040760143408628347
0.0004155607282411754
0.00041212978708750174
0.0004107596396352169
0.0005525327972932814
0.000554043417454477
0.0005558144817739124
0.0005563218271239147
0.0005540439437824304
0.0005536501627526986
6.025819022000461e-12
0.0002385718289588173
0.0005571243430798258
0.0005599967359254752
0.000559997046366334
6.025819022000461e-12
0.0005536501257452642
0.0005558142770908199
0.00023856709200723546
7.531575189900774e-12
0.0005535873270901001
0.0005558144525334707
7.531575189900774e-12
6.025816130794667e-12
7.531575189900774e-12
0.00023861209304716809
6.025818443759301e-12
0.0005540442654272896
0.0005536499037006593
7.531575189900774e-12
0.000554044236186847
0.0005535873270900993
0.0005574414972215891
0.0005574361809218926
0.000557435307806978
0.0005535866165473644
0.0005558146572165624
7.531578081106567e-12
0.00023857182895881384
0.0005563218508086729
0.0005558142478503782
0.0005540439437824295
0.0005525335374419651
7.531578081106567e-12
0.0005540439145419887
0.0005535869244492168
